85
260
335
390
490
535
640
680
790
835
940
980
1100
1150
1265
1305
1430
1470
1575
1620
1715
1755
1850
1895
2010
2050
2145
2190
2310
2350
2455
2505
2585
2660
2750
2810
2900
2955
3060
3130
3230
3285
3385
3420
3510
3560
3660
3700
3805
3850
3945
4005
4090
4165
4250
4315
4395
4460
4540
4605
4700
4735
4820
4865
4950
5010
5110
5170
5250
5325
5395
5470
5555
5630
5735
5785
5905
5950
6055
6105
6215
6255
6355
6425
6520
6590
6690
6735
6850
6895
7005
7055
7165
7210
7320
7370
7465
7535
7635
7680
7785
7855
7960
8045
8140
8180
8285
8330
8445
8480
8585
8625
8730
8765
8875
8940
9015
9070
9170
9235
9335
9370
9480
9515
9605
10005
10050
10145
10180
10265
10300
10380
10440
10525
10650
10705
10785
10835
10910
11065
11130
11185
11240
11400
11470
11515
11580
11730
11805
11845
11915
12055
12120
12160
12210
12350
12425
12465
12535
12665
12745
12785
12860
13005
13080
13125
13195
13340
13420
13905
13965
13995
14035
14090
14140
14210
14270
14330
14490
14560
14605
14665
14695
14725
14999
