85
260
335
390
490
535
640
680
790
835
940
980
1100
1150
1265
1305
1430
1470
1575
1620
1715
1755
1850
1895
2010
2050
2145
2190
2310
2350
2455
2505
2585
2660
2750
2810
2905
2955
3065
3125
3235
3285
3385
3425
3500
3570
3640
3715
3785
3850
3945
4010
4090
4170
4250
4315
4390
4460
4540
4620
4680
4745
4795
4875
4945
5020
5110
5170
5250
5325
5395
5475
5555
5630
5720
5795
5880
5965
6050
6105
6195
6270
6355
6425
6520
6600
6670
6750
6825
6905
6985
7015
7055
7165
7210
7320
7370
7465
7535
7635
7680
7790
7855
7960
8045
8140
8180
8285
8330
8445
8480
8585
8625
8710
8780
8870
8940
9015
9070
9170
9235
9335
9370
9480
9515
9630
9665
9750
9790
9880
9925
9999
